{"analysis_unit":"whole_text","cells":[{"cell_id":"cell_88dc947ad0781f490d11827ea46c993ff79ca571dcbb52d39e3b0ef9212089cc","distance":"classic_delta","fit_id":"fit_9716c1dd5238bfa6b05a4bdf7cef550468a156ed4231f9be26c9e4f2c93eb373","matrix":{"document_ids":["doc_aa755858e71ef6ec27306cb34558bd1a8cc83874306d264156f49b3b46101bf6","doc_4f52f5ff5edd80fa322639e328f552593c20dad4108e8d191cb125258194550f","doc_80766c4c67cc4601b94b763eb3e65b0825ee07b777cdaa2211f66317b5481c58","doc_ef81cbe4458c7181efb792c1310ec0674f29f1391da1afac06566e7058d3033b","doc_418fdab50ecb6c2dec1f0f63f80b6ec1b83fab27cdd366ded6fc5c6fcf4c83f0","doc_9aee01f97fe65b707609ae8843a7376f17afe91a6da4eb091c055f70d7bbd192"],"values":[[0,1.14253231137004,1.20407884311019,1.21235668940678,0.632287603771673,0.679600807042392],[1.14253231137004,0,1.35493430289856,1.08487616034251,1.3844598859623,1.23932299950314],[1.20407884311019,1.35493430289856,0,1.44872523414793,0.962151268517934,1.06243734598795],[1.21235668940678,1.08487616034251,1.44872523414793,0,1.16560912940423,1.50159746726976],[0.632287603771673,1.3844598859623,0.962151268517934,1.16560912940423,0,0.531168352455238],[0.679600807042392,1.23932299950314,1.06243734598795,1.50159746726976,0.531168352455238,0]]},"status":"complete"},{"cell_id":"cell_c89f73b08da6c22fc1dbb7e95affd53780bd35628eb9d1081398300f8d971593","distance":"eders_delta","fit_id":"fit_9716c1dd5238bfa6b05a4bdf7cef550468a156ed4231f9be26c9e4f2c93eb373","matrix":{"document_ids":["doc_aa755858e71ef6ec27306cb34558bd1a8cc83874306d264156f49b3b46101bf6","doc_4f52f5ff5edd80fa322639e328f552593c20dad4108e8d191cb125258194550f","doc_80766c4c67cc4601b94b763eb3e65b0825ee07b777cdaa2211f66317b5481c58","doc_ef81cbe4458c7181efb792c1310ec0674f29f1391da1afac06566e7058d3033b","doc_418fdab50ecb6c2dec1f0f63f80b6ec1b83fab27cdd366ded6fc5c6fcf4c83f0","doc_9aee01f97fe65b707609ae8843a7376f17afe91a6da4eb091c055f70d7bbd192"],"values":[[0,5.82747423082963,4.97393439238161,5.45409428816633,3.21637535344041,3.9489017219866],[5.82747423082963,0,6.0539811585257,4.41483182699067,6.70168940919356,6.47196532909037],[4.97393439238161,6.0539811585257,0,6.93116796709221,4.09971921401768,3.75968002898489],[5.45409428816633,4.41483182699067,6.93116796709221,0,5.75095919734064,7.06083583507646],[3.21637535344041,6.70168940919356,4.09971921401768,5.75095919734064,0,2.48095672527406],[3.9489017219866,6.47196532909037,3.75968002898489,7.06083583507646,2.48095672527406,0]]},"status":"complete"},{"cell_id":"cell_e9bdca922bfa8d5c2fd3836d2d5863b7a1eba5c3f7bf13f3b32d927c07a3bfd3","distance":"cosine_delta","fit_id":"fit_9716c1dd5238bfa6b05a4bdf7cef550468a156ed4231f9be26c9e4f2c93eb373","matrix":{"document_ids":["doc_aa755858e71ef6ec27306cb34558bd1a8cc83874306d264156f49b3b46101bf6","doc_4f52f5ff5edd80fa322639e328f552593c20dad4108e8d191cb125258194550f","doc_80766c4c67cc4601b94b763eb3e65b0825ee07b777cdaa2211f66317b5481c58","doc_ef81cbe4458c7181efb792c1310ec0674f29f1391da1afac06566e7058d3033b","doc_418fdab50ecb6c2dec1f0f63f80b6ec1b83fab27cdd366ded6fc5c6fcf4c83f0","doc_9aee01f97fe65b707609ae8843a7376f17afe91a6da4eb091c055f70d7bbd192"],"values":[[0,0.847654773965413,1.46721615749221,1.20626492753632,1.70297365290765,1.02645413154636],[0.847654773965413,0,1.17400644522553,0.815592566243961,1.08454030762471,1.16841914655968],[1.46721615749221,1.17400644522553,0,1.47128271852354,0.922443641794115,1.16212372891254],[1.20626492753632,0.815592566243961,1.47128271852354,0,1.12661600519816,1.59145895870282],[1.70297365290765,1.08454030762471,0.922443641794115,1.12661600519816,0,0.323143366632459],[1.02645413154636,1.16841914655968,1.16212372891254,1.59145895870282,0.323143366632459,0]]},"status":"complete"},{"cell_id":"cell_1fa99f3b2ea782cd8b37cbc06f9887ef3c077e3f2932f29b291cde94cdbd75c2","distance":"classic_delta","fit_id":"fit_9149569cf0796790ce0a15f7af71e698b312b0ec4cb47b72fa066c74dc35c81e","matrix":{"document_ids":["doc_aa755858e71ef6ec27306cb34558bd1a8cc83874306d264156f49b3b46101bf6","doc_4f52f5ff5edd80fa322639e328f552593c20dad4108e8d191cb125258194550f","doc_80766c4c67cc4601b94b763eb3e65b0825ee07b777cdaa2211f66317b5481c58","doc_ef81cbe4458c7181efb792c1310ec0674f29f1391da1afac06566e7058d3033b","doc_418fdab50ecb6c2dec1f0f63f80b6ec1b83fab27cdd366ded6fc5c6fcf4c83f0","doc_9aee01f97fe65b707609ae8843a7376f17afe91a6da4eb091c055f70d7bbd192"],"values":[[0,1.37103877364405,1.09848445021846,1.10841786577436,0.58554004376912,0.81552096845087],[1.37103877364405,0,1.27951100196449,0.95544123089724,1.48814678239787,1.48718759940377],[1.09848445021846,1.27951100196449,0,1.73847028097752,0.981376441464633,0.928514653671764],[1.10841786577436,0.95544123089724,1.73847028097752,0,1.22552587452818,1.45550679920993],[0.58554004376912,1.48814678239787,0.981376441464633,1.22552587452818,0,0.464196942189398],[0.81552096845087,1.48718759940377,0.928514653671764,1.45550679920993,0.464196942189398,0]]},"status":"complete"},{"cell_id":"cell_ea40ea7bf76df0139ee9aa9cf68e15af2fd53a8473f744ef50f9a7b203488693","distance":"eders_delta","fit_id":"fit_9149569cf0796790ce0a15f7af71e698b312b0ec4cb47b72fa066c74dc35c81e","matrix":{"document_ids":["doc_aa755858e71ef6ec27306cb34558bd1a8cc83874306d264156f49b3b46101bf6","doc_4f52f5ff5edd80fa322639e328f552593c20dad4108e8d191cb125258194550f","doc_80766c4c67cc4601b94b763eb3e65b0825ee07b777cdaa2211f66317b5481c58","doc_ef81cbe4458c7181efb792c1310ec0674f29f1391da1afac06566e7058d3033b","doc_418fdab50ecb6c2dec1f0f63f80b6ec1b83fab27cdd366ded6fc5c6fcf4c83f0","doc_9aee01f97fe65b707609ae8843a7376f17afe91a6da4eb091c055f70d7bbd192"],"values":[[0,5.6219303033515,4.17741649761193,4.74367495699769,2.9277002188456,3.92316109793306],[5.6219303033515,0,5.2924460652388,3.64953663846401,6.20747034712062,6.27917079550468],[4.17741649761193,5.2924460652388,0,6.57893127953314,3.59187645384281,2.89028105808255],[4.74367495699769,3.64953663846401,6.57893127953314,0,5.32921500076681,6.32467587985427],[2.9277002188456,6.20747034712062,3.59187645384281,5.32921500076681,0,2.1665409666257],[3.92316109793306,6.27917079550468,2.89028105808255,6.32467587985427,2.1665409666257,0]]},"status":"complete"},{"cell_id":"cell_877830e0a59128b236829c9ec7110496fb2a1eae54ec9566e39b1e2b8845e7fb","distance":"cosine_delta","fit_id":"fit_9149569cf0796790ce0a15f7af71e698b312b0ec4cb47b72fa066c74dc35c81e","matrix":{"document_ids":["doc_aa755858e71ef6ec27306cb34558bd1a8cc83874306d264156f49b3b46101bf6","doc_4f52f5ff5edd80fa322639e328f552593c20dad4108e8d191cb125258194550f","doc_80766c4c67cc4601b94b763eb3e65b0825ee07b777cdaa2211f66317b5481c58","doc_ef81cbe4458c7181efb792c1310ec0674f29f1391da1afac06566e7058d3033b","doc_418fdab50ecb6c2dec1f0f63f80b6ec1b83fab27cdd366ded6fc5c6fcf4c83f0","doc_9aee01f97fe65b707609ae8843a7376f17afe91a6da4eb091c055f70d7bbd192"],"values":[[0,0.999340300173794,1.33882477575576,1.03289991650268,1.82816942182958,1.35042812121756],[0.999340300173794,0,1.07302715460477,0.686691780199863,1.08825729036003,1.34894890227854],[1.33882477575576,1.07302715460477,0,1.69114754229969,0.916127510227946,0.987981488222044],[1.03289991650268,0.686691780199863,1.69114754229969,0,1.13466241289528,1.52171000052225],[1.82816942182958,1.08825729036003,0.916127510227946,1.13466241289528,0,0.241257264889678],[1.35042812121756,1.34894890227854,0.987981488222044,1.52171000052225,0.241257264889678,0]]},"status":"complete"},{"cell_id":"cell_c2362f8408c28d8664425b2bf42c512b79d1bdd7bac2d4653ec378f2de0c9424","distance":"classic_delta","fit_id":"fit_026196f7c2ce2f6a60919a7916882ab6e831822672a062e1afd40c667f9a3949","matrix":{"document_ids":["doc_aa755858e71ef6ec27306cb34558bd1a8cc83874306d264156f49b3b46101bf6","doc_4f52f5ff5edd80fa322639e328f552593c20dad4108e8d191cb125258194550f","doc_80766c4c67cc4601b94b763eb3e65b0825ee07b777cdaa2211f66317b5481c58","doc_ef81cbe4458c7181efb792c1310ec0674f29f1391da1afac06566e7058d3033b","doc_418fdab50ecb6c2dec1f0f63f80b6ec1b83fab27cdd366ded6fc5c6fcf4c83f0","doc_9aee01f97fe65b707609ae8843a7376f17afe91a6da4eb091c055f70d7bbd192"],"values":[[0,1.40761224920716,1.06691934492517,1.07933611437005,0.7319250547114,1.01940121056359],[1.40761224920716,0,0.987016316759824,1.19430153862155,1.55399726014944,1.55279828140682],[1.06691934492517,0.987016316759824,0,1.56071541552611,0.920534333982894,0.854457099241808],[1.07933611437005,1.19430153862155,1.56071541552611,0,1.22572112531233,1.51319728116452],[0.7319250547114,1.55399726014944,0.920534333982894,1.22572112531233,0,0.580246177736748],[1.01940121056359,1.55279828140682,0.854457099241808,1.51319728116452,0.580246177736748,0]]},"status":"complete"},{"cell_id":"cell_7cdf9291041b6f0476a343a24eb5c243adb0d54ebdbb6c70e690c40c3711566a","distance":"eders_delta","fit_id":"fit_026196f7c2ce2f6a60919a7916882ab6e831822672a062e1afd40c667f9a3949","matrix":{"document_ids":["doc_aa755858e71ef6ec27306cb34558bd1a8cc83874306d264156f49b3b46101bf6","doc_4f52f5ff5edd80fa322639e328f552593c20dad4108e8d191cb125258194550f","doc_80766c4c67cc4601b94b763eb3e65b0825ee07b777cdaa2211f66317b5481c58","doc_ef81cbe4458c7181efb792c1310ec0674f29f1391da1afac06566e7058d3033b","doc_418fdab50ecb6c2dec1f0f63f80b6ec1b83fab27cdd366ded6fc5c6fcf4c83f0","doc_9aee01f97fe65b707609ae8843a7376f17afe91a6da4eb091c055f70d7bbd192"],"values":[[0,5.00742819428642,3.54247884139394,4.23788514618127,2.9277002188456,3.88455016185273],[5.00742819428642,0,4.40379639339709,3.36761925945847,5.59296823805554,5.68379277727823],[3.54247884139394,4.40379639339709,0,5.43820381249872,2.95693879762482,2.14602178766558],[4.23788514618127,3.36761925945847,5.43820381249872,0,4.82342518995039,5.78027513295752],[2.9277002188456,5.59296823805554,2.95693879762482,4.82342518995039,0,2.12793003054537],[3.88455016185273,5.68379277727823,2.14602178766558,5.78027513295752,2.12793003054537,0]]},"status":"complete"},{"cell_id":"cell_be368eb929e65e9e2ad36f1e5f8ed746664d1ab208252bd660e042061fc8a47f","distance":"cosine_delta","fit_id":"fit_026196f7c2ce2f6a60919a7916882ab6e831822672a062e1afd40c667f9a3949","matrix":{"document_ids":["doc_aa755858e71ef6ec27306cb34558bd1a8cc83874306d264156f49b3b46101bf6","doc_4f52f5ff5edd80fa322639e328f552593c20dad4108e8d191cb125258194550f","doc_80766c4c67cc4601b94b763eb3e65b0825ee07b777cdaa2211f66317b5481c58","doc_ef81cbe4458c7181efb792c1310ec0674f29f1391da1afac06566e7058d3033b","doc_418fdab50ecb6c2dec1f0f63f80b6ec1b83fab27cdd366ded6fc5c6fcf4c83f0","doc_9aee01f97fe65b707609ae8843a7376f17afe91a6da4eb091c055f70d7bbd192"],"values":[[0,0.999271601482563,1.41675570936933,1.03830432417711,1.82816942182958,1.35042812121756],[0.999271601482563,0,0.763935798532146,0.876345572369092,1.09744807698529,1.38528714573557],[1.41675570936933,0.763935798532146,0,1.56273658471295,0.896836531822216,0.985217186699487],[1.03830432417711,0.876345572369092,1.56273658471295,0,1.15678315528832,1.60741032533673],[1.82816942182958,1.09744807698529,0.896836531822216,1.15678315528832,0,0.241257264889678],[1.35042812121756,1.38528714573557,0.985217186699487,1.60741032533673,0.241257264889678,0]]},"status":"complete"},{"cell_id":"cell_1faa7efe5fd0100b211edb639af389ab0766acf9507a45b8c6bfd7b06b9602b6","distance":"classic_delta","fit_id":"fit_719be6ce8fb84c9384795199177d4157bec5f0f28847c35b242fcb6400fc91bb","matrix":{"document_ids":["doc_aa755858e71ef6ec27306cb34558bd1a8cc83874306d264156f49b3b46101bf6","doc_4f52f5ff5edd80fa322639e328f552593c20dad4108e8d191cb125258194550f","doc_80766c4c67cc4601b94b763eb3e65b0825ee07b777cdaa2211f66317b5481c58","doc_ef81cbe4458c7181efb792c1310ec0674f29f1391da1afac06566e7058d3033b","doc_418fdab50ecb6c2dec1f0f63f80b6ec1b83fab27cdd366ded6fc5c6fcf4c83f0","doc_9aee01f97fe65b707609ae8843a7376f17afe91a6da4eb091c055f70d7bbd192"],"values":[[0,1.27549950987396,0.821242304164636,1.43911481916007,0.975900072948533,1.20887240848422],[1.27549950987396,0,1.31602175567976,0.991085229093136,1.47067952446366,1.3187516805396],[0.821242304164636,1.31602175567976,0,1.47963706496588,0.626062289574929,0.387630104319582],[1.43911481916007,0.991085229093136,1.47963706496588,0,1.63429483374978,1.86726716928546],[0.975900072948533,1.47067952446366,0.626062289574929,1.63429483374978,0,0.623332364715098],[1.20887240848422,1.3187516805396,0.387630104319582,1.86726716928546,0.623332364715098,0]]},"status":"complete"},{"cell_id":"cell_052ad66f9bbc0e338e7f3cf2a8046b64770e04c251df2a2a278d354008559405","distance":"eders_delta","fit_id":"fit_719be6ce8fb84c9384795199177d4157bec5f0f28847c35b242fcb6400fc91bb","matrix":{"document_ids":["doc_aa755858e71ef6ec27306cb34558bd1a8cc83874306d264156f49b3b46101bf6","doc_4f52f5ff5edd80fa322639e328f552593c20dad4108e8d191cb125258194550f","doc_80766c4c67cc4601b94b763eb3e65b0825ee07b777cdaa2211f66317b5481c58","doc_ef81cbe4458c7181efb792c1310ec0674f29f1391da1afac06566e7058d3033b","doc_418fdab50ecb6c2dec1f0f63f80b6ec1b83fab27cdd366ded6fc5c6fcf4c83f0","doc_9aee01f97fe65b707609ae8843a7376f17afe91a6da4eb091c055f70d7bbd192"],"values":[[0,4.19843777103674,2.69942917288942,4.21139870908162,2.9277002188456,3.66986939611829],[4.19843777103674,0,4.55570676884969,2.29644013871363,4.78397781480586,4.75634663315905],[2.69942917288942,4.55570676884969,0,4.56866770689456,2.1138891291203,0.97044022322887],[4.21139870908162,2.29644013871363,4.56866770689456,0,4.79693875285074,5.53910793012343],[2.9277002188456,4.78397781480586,2.1138891291203,4.79693875285074,0,1.91324926481093],[3.66986939611829,4.75634663315905,0.97044022322887,5.53910793012343,1.91324926481093,0]]},"status":"complete"},{"cell_id":"cell_a38f37f70ac9ec7879d31e8b319d63cce320579a4cba8b3d6bfebb18d71b2a91","distance":"cosine_delta","fit_id":"fit_719be6ce8fb84c9384795199177d4157bec5f0f28847c35b242fcb6400fc91bb","matrix":{"document_ids":["doc_aa755858e71ef6ec27306cb34558bd1a8cc83874306d264156f49b3b46101bf6","doc_4f52f5ff5edd80fa322639e328f552593c20dad4108e8d191cb125258194550f","doc_80766c4c67cc4601b94b763eb3e65b0825ee07b777cdaa2211f66317b5481c58","doc_ef81cbe4458c7181efb792c1310ec0674f29f1391da1afac06566e7058d3033b","doc_418fdab50ecb6c2dec1f0f63f80b6ec1b83fab27cdd366ded6fc5c6fcf4c83f0","doc_9aee01f97fe65b707609ae8843a7376f17afe91a6da4eb091c055f70d7bbd192"],"values":[[0,0.829493713350207,1.41678094558066,1.08190540149933,1.92372762062731,1.53778258338142],[0.829493713350207,0,1.57192234622455,0.735755367932468,0.980301781597036,1.17239992811075],[1.41678094558066,1.57192234622455,0,1.82968445634327,0.451538524040231,0.101882470185947],[1.08190540149933,0.735755367932468,1.82968445634327,0,1.19683339190351,1.78109406544277],[1.92372762062731,0.980301781597036,0.451538524040231,1.19683339190351,0,0.23417212050089],[1.53778258338142,1.17239992811075,0.101882470185947,1.78109406544277,0.23417212050089,0]]},"status":"complete"}],"fits":[{"culling_percent":0,"eligible_feature_count":6,"fit_id":"fit_9716c1dd5238bfa6b05a4bdf7cef550468a156ed4231f9be26c9e4f2c93eb373","means":[20,18.75,12.5,4.0625,2.5,1.25],"mfw":6,"selected_features":["beta","alpha","gamma","delta","epsilon","zeta"],"standard_deviations":[7.07106781186548,8.53912563829967,8.66025403784439,2.77169472826043,2.04124145231932,1.44337567297406],"status":"complete"},{"culling_percent":50,"eligible_feature_count":6,"fit_id":"fit_9149569cf0796790ce0a15f7af71e698b312b0ec4cb47b72fa066c74dc35c81e","means":[20,18.75,12.5,4.0625,2.5],"mfw":5,"selected_features":["beta","alpha","gamma","delta","epsilon"],"standard_deviations":[7.07106781186548,8.53912563829967,8.66025403784439,2.77169472826043,2.04124145231932],"status":"complete"},{"culling_percent":75,"eligible_feature_count":5,"fit_id":"fit_026196f7c2ce2f6a60919a7916882ab6e831822672a062e1afd40c667f9a3949","means":[20,18.75,12.5,4.0625],"mfw":4,"selected_features":["beta","alpha","gamma","delta"],"standard_deviations":[7.07106781186548,8.53912563829967,8.66025403784439,2.77169472826043],"status":"complete"},{"culling_percent":100,"eligible_feature_count":3,"fit_id":"fit_719be6ce8fb84c9384795199177d4157bec5f0f28847c35b242fcb6400fc91bb","means":[20,18.75,12.5],"mfw":3,"selected_features":["beta","alpha","gamma"],"standard_deviations":[7.07106781186548,8.53912563829967,8.66025403784439],"status":"complete"}],"fitting_basis":{"known_document_ids":["doc_aa755858e71ef6ec27306cb34558bd1a8cc83874306d264156f49b3b46101bf6","doc_80766c4c67cc4601b94b763eb3e65b0825ee07b777cdaa2211f66317b5481c58","doc_ef81cbe4458c7181efb792c1310ec0674f29f1391da1afac06566e7058d3033b","doc_9aee01f97fe65b707609ae8843a7376f17afe91a6da4eb091c055f70d7bbd192"],"ranked_features":[{"feature":"beta","known_document_count":4,"known_total_count":146},{"feature":"alpha","known_document_count":4,"known_total_count":114},{"feature":"gamma","known_document_count":4,"known_total_count":86},{"feature":"delta","known_document_count":3,"known_total_count":34},{"feature":"epsilon","known_document_count":3,"known_total_count":16},{"feature":"zeta","known_document_count":2,"known_total_count":8}]},"limit_profile":"stylo-worker-contract-limits-v1","outcome":"complete","request_id":"request_485634723fc5e5237d0c773b9f21678a967a22d7e2095438e712b6b41947610f","schema_version":"stylo-worker-result-v1","seed":20260713,"session":{"blas":"libblas.so.3","jsonlite_version":"2.0.0","lang":"C.UTF-8","lapack":"libopenblasp-r0.3.26.so","lc_collate":"C.UTF-8","lc_ctype":"C.UTF-8","lc_numeric":"C","operating_system":"linux-gnu","platform":"x86_64-pc-linux-gnu","r_version":"4.5.2","rng_generator":"Mersenne-Twister","rng_normal_generator":"Inversion","rng_sample_kind":"Rejection","seed":20260713,"stylo_version":"0.7.71","timezone":"UTC","unicode_normalization":"NFC"},"worker_version":"stylo-worker-v1"}
