{"analysis_unit":"whole_text","cells":[{"cell_id":"cell_68806e16bcd7d1491563c90c0d296338bc5c1e03dd17401e01c049fc4e294dc8","distance":"classic_delta","fit_id":"fit_5d49569401498180fe5111690e7af789535aca294a51277426cbc61907033593","matrix":{"document_ids":["doc_07942de5eb364b4e2588ec3c4b3ca6e32b99273cf33247ea4bea292824409ed4","doc_76c638c16d2e572eb083b568d96d2e860a891dc3bcfef67d4b98380d71c6b8a0","doc_ae368d4dc0e42fd36b22fb26ae09cc9dd9579c63f03220a2221868477e31b4a1","doc_a699068e897a2aa88576da185c212b7371716242f47c6be92a13564b1c57e002","doc_63bebad514d3f254e4c25620a8a2f04dd066038b04c9322269a3783fdc767025"],"values":[[0,0.602200819622826,1.36365731662329,1.7033961212354,1.7033961212354],[0.602200819622826,0,1.10961180891186,1.44935061352397,1.70754950327113],[1.36365731662329,1.10961180891186,0,1.00640547127878,1.5228032507731],[1.7033961212354,1.44935061352397,1.00640547127878,0,0.774596669241483],[1.7033961212354,1.70754950327113,1.5228032507731,0.774596669241483,0]]},"status":"complete"},{"cell_id":"cell_0a737d3ffc5562def3359b8457a44766e57637f9694db01103cf0dbf7220c2e8","distance":"classic_delta","error_code":"not_enough_features","fit_id":"fit_a6d90e2b9e063789b3906eeb685fcfa2e26b42affe879d6ac5688809961b3bee","status":"not_enough_features"},{"cell_id":"cell_3118129b42cad4a653ea4a8adfc1c654d533f63a1ea80b6ca7cc6f3ad48bd226","distance":"classic_delta","fit_id":"fit_8202f56dbd7f5c697b6f10f3264849c37cb924165cb949bd47e160d89b71277b","matrix":{"document_ids":["doc_07942de5eb364b4e2588ec3c4b3ca6e32b99273cf33247ea4bea292824409ed4","doc_76c638c16d2e572eb083b568d96d2e860a891dc3bcfef67d4b98380d71c6b8a0","doc_ae368d4dc0e42fd36b22fb26ae09cc9dd9579c63f03220a2221868477e31b4a1","doc_a699068e897a2aa88576da185c212b7371716242f47c6be92a13564b1c57e002","doc_63bebad514d3f254e4c25620a8a2f04dd066038b04c9322269a3783fdc767025"],"values":[[0,0.722640983547391,1.23638877994794,2.04407534548248,2.04407534548248],[0.722640983547391,0,0.931534170694228,1.73922073622876,2.04905940392536],[1.23638877994794,0.931534170694228,0,0.807686565534535,1.42736390092772],[2.04407534548248,1.73922073622876,0.807686565534535,0,0.92951600308978],[2.04407534548248,2.04905940392536,1.42736390092772,0.92951600308978,0]]},"status":"complete"},{"cell_id":"cell_f0f82ce7dd3e1258354099235c4da596c4dc486dc587f30c81066ad71a390753","distance":"classic_delta","error_code":"not_enough_features","fit_id":"fit_f897f0e496200eb471955a1151aed45db7e68123459d06a375017e8dfda4b8fb","status":"not_enough_features"},{"cell_id":"cell_e16b97f0b7a50fe83e5f1d32c31cf41304011e2452e0b0996d9008d456b4bd95","distance":"classic_delta","fit_id":"fit_f7360b228a4758730e040902dbd5f129b3ec8f1bd29a38776e2932a63941dbb3","matrix":{"document_ids":["doc_07942de5eb364b4e2588ec3c4b3ca6e32b99273cf33247ea4bea292824409ed4","doc_76c638c16d2e572eb083b568d96d2e860a891dc3bcfef67d4b98380d71c6b8a0","doc_ae368d4dc0e42fd36b22fb26ae09cc9dd9579c63f03220a2221868477e31b4a1","doc_a699068e897a2aa88576da185c212b7371716242f47c6be92a13564b1c57e002","doc_63bebad514d3f254e4c25620a8a2f04dd066038b04c9322269a3783fdc767025"],"values":[[0,0.642184745500692,1.28436949100138,2.29397769791955,2.29397769791955],[0.642184745500692,0,0.642184745500692,1.65179295241886,2.0390912870396],[1.28436949100138,0.642184745500692,0,1.00960820691817,1.78420487615965],[2.29397769791955,1.65179295241886,1.00960820691817,0,1.16189500386223],[2.29397769791955,2.0390912870396,1.78420487615965,1.16189500386223,0]]},"status":"complete"},{"cell_id":"cell_92c7c5f1567dc05a195d8ae5e71e173a6fc928e966b674610a465e483f03b2f1","distance":"classic_delta","error_code":"not_enough_features","fit_id":"fit_27381e2191e26aa68a47ac46278a7d110c49b55e1cca7336a2e6300fcf00492a","status":"not_enough_features"},{"cell_id":"cell_de29c984b0217ea3244bbbee4bc3c69823f6a5a4735653cf8517c520bcab05ab","distance":"classic_delta","fit_id":"fit_db4010bf6883c18f5dec1de3373c6727112ef07dbb793dc18e52814eaec74c99","matrix":{"document_ids":["doc_07942de5eb364b4e2588ec3c4b3ca6e32b99273cf33247ea4bea292824409ed4","doc_76c638c16d2e572eb083b568d96d2e860a891dc3bcfef67d4b98380d71c6b8a0","doc_ae368d4dc0e42fd36b22fb26ae09cc9dd9579c63f03220a2221868477e31b4a1","doc_a699068e897a2aa88576da185c212b7371716242f47c6be92a13564b1c57e002","doc_63bebad514d3f254e4c25620a8a2f04dd066038b04c9322269a3783fdc767025"],"values":[[0,0.774596669241483,1.54919333848297,2.32379000772445,2.32379000772445],[0.774596669241483,0,0.774596669241483,1.54919333848297,2.06559111797729],[1.54919333848297,0.774596669241483,0,0.774596669241483,1.80739222823013],[2.32379000772445,1.54919333848297,0.774596669241483,0,1.54919333848297],[2.32379000772445,2.06559111797729,1.80739222823013,1.54919333848297,0]]},"status":"complete"}],"fits":[{"culling_percent":25,"eligible_feature_count":6,"fit_id":"fit_5d49569401498180fe5111690e7af789535aca294a51277426cbc61907033593","means":[25,25,12.5,6,3.75,1.25],"mfw":6,"selected_features":["zeta","éclair","cafe","gamma","delta","epsilon"],"standard_deviations":[12.9099444873581,12.9099444873581,6.45497224367903,4.08248290463863,4.78713553878169,2.5],"status":"complete"},{"culling_percent":26,"eligible_feature_count":5,"fit_id":"fit_a6d90e2b9e063789b3906eeb685fcfa2e26b42affe879d6ac5688809961b3bee","mfw":6,"status":"not_enough_features"},{"culling_percent":50,"eligible_feature_count":5,"fit_id":"fit_8202f56dbd7f5c697b6f10f3264849c37cb924165cb949bd47e160d89b71277b","means":[25,25,12.5,6,3.75],"mfw":5,"selected_features":["zeta","éclair","cafe","gamma","delta"],"standard_deviations":[12.9099444873581,12.9099444873581,6.45497224367903,4.08248290463863,4.78713553878169],"status":"complete"},{"culling_percent":51,"eligible_feature_count":4,"fit_id":"fit_f897f0e496200eb471955a1151aed45db7e68123459d06a375017e8dfda4b8fb","mfw":5,"status":"not_enough_features"},{"culling_percent":75,"eligible_feature_count":4,"fit_id":"fit_f7360b228a4758730e040902dbd5f129b3ec8f1bd29a38776e2932a63941dbb3","means":[25,25,12.5,6],"mfw":4,"selected_features":["zeta","éclair","cafe","gamma"],"standard_deviations":[12.9099444873581,12.9099444873581,6.45497224367903,4.08248290463863],"status":"complete"},{"culling_percent":76,"eligible_feature_count":3,"fit_id":"fit_27381e2191e26aa68a47ac46278a7d110c49b55e1cca7336a2e6300fcf00492a","mfw":4,"status":"not_enough_features"},{"culling_percent":100,"eligible_feature_count":3,"fit_id":"fit_db4010bf6883c18f5dec1de3373c6727112ef07dbb793dc18e52814eaec74c99","means":[25,25,12.5],"mfw":3,"selected_features":["zeta","éclair","cafe"],"standard_deviations":[12.9099444873581,12.9099444873581,6.45497224367903],"status":"complete"}],"fitting_basis":{"known_document_ids":["doc_07942de5eb364b4e2588ec3c4b3ca6e32b99273cf33247ea4bea292824409ed4","doc_76c638c16d2e572eb083b568d96d2e860a891dc3bcfef67d4b98380d71c6b8a0","doc_ae368d4dc0e42fd36b22fb26ae09cc9dd9579c63f03220a2221868477e31b4a1","doc_a699068e897a2aa88576da185c212b7371716242f47c6be92a13564b1c57e002"],"ranked_features":[{"feature":"zeta","known_document_count":4,"known_total_count":100},{"feature":"éclair","known_document_count":4,"known_total_count":100},{"feature":"cafe","known_document_count":4,"known_total_count":50},{"feature":"gamma","known_document_count":3,"known_total_count":24},{"feature":"delta","known_document_count":2,"known_total_count":15},{"feature":"epsilon","known_document_count":1,"known_total_count":5}]},"fixture_ref":"fixture_c8ef850d61f05f13927711d66e828e8018e09fccb005847a740dcd7646167225","input_sha256":"e27c0b2c9f3ef25004cd9ac99d68a5b149c02678a5be048f925624265bde6980","limit_profile":"stylo-worker-contract-limits-v1","oracle_version":"p006-direct-stylo-v1","outcome":"partial","request_id":"request_c8ef850d61f05f13927711d66e828e8018e09fccb005847a740dcd7646167225","schema_version":"direct-stylo-oracle-v1","seed":20260713,"session":{"blas":"libblas.so.3","jsonlite_version":"2.0.0","lang":"C.UTF-8","lapack":"libopenblasp-r0.3.26.so","lc_collate":"C.UTF-8","lc_ctype":"C.UTF-8","lc_numeric":"C","operating_system":"linux-gnu","platform":"x86_64-pc-linux-gnu","r_version":"4.5.2","rng_generator":"Mersenne-Twister","rng_normal_generator":"Inversion","rng_sample_kind":"Rejection","seed":20260713,"stylo_version":"0.7.71","timezone":"UTC","unicode_normalization":"NFC"}}
