{"analysis_unit":"whole_text","cells":[{"cell_id":"cell_68806e16bcd7d1491563c90c0d296338bc5c1e03dd17401e01c049fc4e294dc8","distance":"classic_delta","fit_id":"fit_5d49569401498180fe5111690e7af789535aca294a51277426cbc61907033593","matrix":{"document_ids":["doc_07942de5eb364b4e2588ec3c4b3ca6e32b99273cf33247ea4bea292824409ed4","doc_76c638c16d2e572eb083b568d96d2e860a891dc3bcfef67d4b98380d71c6b8a0","doc_ae368d4dc0e42fd36b22fb26ae09cc9dd9579c63f03220a2221868477e31b4a1","doc_a699068e897a2aa88576da185c212b7371716242f47c6be92a13564b1c57e002","doc_63bebad514d3f254e4c25620a8a2f04dd066038b04c9322269a3783fdc767025"],"values":[[0,0.602200819622826,1.36365731662329,1.7033961212354,1.7033961212354],[0.602200819622826,0,1.10961180891186,1.44935061352397,1.70754950327113],[1.36365731662329,1.10961180891186,0,1.00640547127878,1.5228032507731],[1.7033961212354,1.44935061352397,1.00640547127878,0,0.774596669241483],[1.7033961212354,1.70754950327113,1.5228032507731,0.774596669241483,0]]},"status":"complete"},{"cell_id":"cell_e733af45e22151dbcceb3b5c34951423aa9b41f752f7c657b77f486396273fec","distance":"eders_delta","fit_id":"fit_5d49569401498180fe5111690e7af789535aca294a51277426cbc61907033593","matrix":{"document_ids":["doc_07942de5eb364b4e2588ec3c4b3ca6e32b99273cf33247ea4bea292824409ed4","doc_76c638c16d2e572eb083b568d96d2e860a891dc3bcfef67d4b98380d71c6b8a0","doc_ae368d4dc0e42fd36b22fb26ae09cc9dd9579c63f03220a2221868477e31b4a1","doc_a699068e897a2aa88576da185c212b7371716242f47c6be92a13564b1c57e002","doc_63bebad514d3f254e4c25620a8a2f04dd066038b04c9322269a3783fdc767025"],"values":[[0,3.00932229177709,6.16307828235375,8.96329683671035,8.96329683671035],[3.00932229177709,0,4.19822192631085,6.99844048066745,8.54763381915042],[6.16307828235375,4.19822192631085,0,4.13355188768993,7.23193856465587],[8.96329683671035,6.99844048066745,4.13355188768993,0,4.6475800154489],[8.96329683671035,8.54763381915042,7.23193856465587,4.6475800154489,0]]},"status":"complete"},{"cell_id":"cell_2dc0a8efaa5ad5fca41fd8cdc68cf639a3f98d7afdbb02d19eb4b7812e96d8bf","distance":"cosine_delta","fit_id":"fit_5d49569401498180fe5111690e7af789535aca294a51277426cbc61907033593","matrix":{"document_ids":["doc_07942de5eb364b4e2588ec3c4b3ca6e32b99273cf33247ea4bea292824409ed4","doc_76c638c16d2e572eb083b568d96d2e860a891dc3bcfef67d4b98380d71c6b8a0","doc_ae368d4dc0e42fd36b22fb26ae09cc9dd9579c63f03220a2221868477e31b4a1","doc_a699068e897a2aa88576da185c212b7371716242f47c6be92a13564b1c57e002","doc_63bebad514d3f254e4c25620a8a2f04dd066038b04c9322269a3783fdc767025"],"values":[[0,0.361348964312123,1.52210346021097,1.86291982740196,1.39241684434407],[0.361348964312123,0,1.70397671578052,1.6572616806022,1.36503426448437],[1.52210346021097,1.70397671578052,0,0.82525594581343,0.963449352975586],[1.86291982740196,1.6572616806022,0.82525594581343,0,0.475166556987507],[1.39241684434407,1.36503426448437,0.963449352975586,0.475166556987507,0]]},"status":"complete"},{"cell_id":"cell_3118129b42cad4a653ea4a8adfc1c654d533f63a1ea80b6ca7cc6f3ad48bd226","distance":"classic_delta","fit_id":"fit_8202f56dbd7f5c697b6f10f3264849c37cb924165cb949bd47e160d89b71277b","matrix":{"document_ids":["doc_07942de5eb364b4e2588ec3c4b3ca6e32b99273cf33247ea4bea292824409ed4","doc_76c638c16d2e572eb083b568d96d2e860a891dc3bcfef67d4b98380d71c6b8a0","doc_ae368d4dc0e42fd36b22fb26ae09cc9dd9579c63f03220a2221868477e31b4a1","doc_a699068e897a2aa88576da185c212b7371716242f47c6be92a13564b1c57e002","doc_63bebad514d3f254e4c25620a8a2f04dd066038b04c9322269a3783fdc767025"],"values":[[0,0.722640983547391,1.23638877994794,2.04407534548248,2.04407534548248],[0.722640983547391,0,0.931534170694228,1.73922073622876,2.04905940392536],[1.23638877994794,0.931534170694228,0,0.807686565534535,1.42736390092772],[2.04407534548248,1.73922073622876,0.807686565534535,0,0.92951600308978],[2.04407534548248,2.04905940392536,1.42736390092772,0.92951600308978,0]]},"status":"complete"},{"cell_id":"cell_50598c5fb18bf8e696a1143816f82e3fcda93e9bb417facc06ed33f1e8468bd0","distance":"eders_delta","fit_id":"fit_8202f56dbd7f5c697b6f10f3264849c37cb924165cb949bd47e160d89b71277b","matrix":{"document_ids":["doc_07942de5eb364b4e2588ec3c4b3ca6e32b99273cf33247ea4bea292824409ed4","doc_76c638c16d2e572eb083b568d96d2e860a891dc3bcfef67d4b98380d71c6b8a0","doc_ae368d4dc0e42fd36b22fb26ae09cc9dd9579c63f03220a2221868477e31b4a1","doc_a699068e897a2aa88576da185c212b7371716242f47c6be92a13564b1c57e002","doc_63bebad514d3f254e4c25620a8a2f04dd066038b04c9322269a3783fdc767025"],"values":[[0,2.88854576658512,5.35930515887656,8.71188085856994,8.71188085856994],[2.88854576658512,0,3.30633214087879,6.65890784057217,8.20810117905514],[5.35930515887656,3.30633214087879,0,3.35257569969338,6.45096237665932],[8.71188085856994,6.65890784057217,3.35257569969338,0,4.6475800154489],[8.71188085856994,8.20810117905514,6.45096237665932,4.6475800154489,0]]},"status":"complete"},{"cell_id":"cell_9a49db0accdadcd547870d84b28b6e2b354b7beda2344c5b51f6e6488ee94a0e","distance":"cosine_delta","fit_id":"fit_8202f56dbd7f5c697b6f10f3264849c37cb924165cb949bd47e160d89b71277b","matrix":{"document_ids":["doc_07942de5eb364b4e2588ec3c4b3ca6e32b99273cf33247ea4bea292824409ed4","doc_76c638c16d2e572eb083b568d96d2e860a891dc3bcfef67d4b98380d71c6b8a0","doc_ae368d4dc0e42fd36b22fb26ae09cc9dd9579c63f03220a2221868477e31b4a1","doc_a699068e897a2aa88576da185c212b7371716242f47c6be92a13564b1c57e002","doc_63bebad514d3f254e4c25620a8a2f04dd066038b04c9322269a3783fdc767025"],"values":[[0,0.385917601324638,1.6008111658243,1.9461963417066,1.4373156627871],[0.385917601324638,0,1.82468066132136,1.76510694461548,1.43016285076769],[1.6008111658243,1.82468066132136,0,0.420857994928587,0.747167339596122],[1.9461963417066,1.76510694461548,0.420857994928587,0,0.486453306861451],[1.4373156627871,1.43016285076769,0.747167339596122,0.486453306861451,0]]},"status":"complete"},{"cell_id":"cell_e16b97f0b7a50fe83e5f1d32c31cf41304011e2452e0b0996d9008d456b4bd95","distance":"classic_delta","fit_id":"fit_f7360b228a4758730e040902dbd5f129b3ec8f1bd29a38776e2932a63941dbb3","matrix":{"document_ids":["doc_07942de5eb364b4e2588ec3c4b3ca6e32b99273cf33247ea4bea292824409ed4","doc_76c638c16d2e572eb083b568d96d2e860a891dc3bcfef67d4b98380d71c6b8a0","doc_ae368d4dc0e42fd36b22fb26ae09cc9dd9579c63f03220a2221868477e31b4a1","doc_a699068e897a2aa88576da185c212b7371716242f47c6be92a13564b1c57e002","doc_63bebad514d3f254e4c25620a8a2f04dd066038b04c9322269a3783fdc767025"],"values":[[0,0.642184745500692,1.28436949100138,2.29397769791955,2.29397769791955],[0.642184745500692,0,0.642184745500692,1.65179295241886,2.0390912870396],[1.28436949100138,0.642184745500692,0,1.00960820691817,1.78420487615965],[2.29397769791955,1.65179295241886,1.00960820691817,0,1.16189500386223],[2.29397769791955,2.0390912870396,1.78420487615965,1.16189500386223,0]]},"status":"complete"},{"cell_id":"cell_bd1f6aa4ee97431bfe9b9de61e31cc60f6e05f445509d12a7391e3de1475f5b2","distance":"eders_delta","fit_id":"fit_f7360b228a4758730e040902dbd5f129b3ec8f1bd29a38776e2932a63941dbb3","matrix":{"document_ids":["doc_07942de5eb364b4e2588ec3c4b3ca6e32b99273cf33247ea4bea292824409ed4","doc_76c638c16d2e572eb083b568d96d2e860a891dc3bcfef67d4b98380d71c6b8a0","doc_ae368d4dc0e42fd36b22fb26ae09cc9dd9579c63f03220a2221868477e31b4a1","doc_a699068e897a2aa88576da185c212b7371716242f47c6be92a13564b1c57e002","doc_63bebad514d3f254e4c25620a8a2f04dd066038b04c9322269a3783fdc767025"],"values":[[0,2.44626449486361,4.89252898972722,8.07364040742578,8.07364040742578],[2.44626449486361,0,2.44626449486361,5.62737591256217,7.17656925104514],[4.89252898972722,2.44626449486361,0,3.18111141769856,6.2794980946645],[8.07364040742578,5.62737591256217,3.18111141769856,0,4.6475800154489],[8.07364040742578,7.17656925104514,6.2794980946645,4.6475800154489,0]]},"status":"complete"},{"cell_id":"cell_eb7fb623abc9f1e775c15eeb18d813dec800e72be523c4228c9f6bd9f75da723","distance":"cosine_delta","fit_id":"fit_f7360b228a4758730e040902dbd5f129b3ec8f1bd29a38776e2932a63941dbb3","matrix":{"document_ids":["doc_07942de5eb364b4e2588ec3c4b3ca6e32b99273cf33247ea4bea292824409ed4","doc_76c638c16d2e572eb083b568d96d2e860a891dc3bcfef67d4b98380d71c6b8a0","doc_ae368d4dc0e42fd36b22fb26ae09cc9dd9579c63f03220a2221868477e31b4a1","doc_a699068e897a2aa88576da185c212b7371716242f47c6be92a13564b1c57e002","doc_63bebad514d3f254e4c25620a8a2f04dd066038b04c9322269a3783fdc767025"],"values":[[0,0.0391286988940701,1.76470588235294,1.96087130110593,1.42444703272605],[0.0391286988940701,0,1.55629391116659,2,1.48325727477121],[1.76470588235294,1.55629391116659,0,0.443706088833409,0.850869961474632],[1.96087130110593,2,0.443706088833409,0,0.516742725228789],[1.42444703272605,1.48325727477121,0.850869961474632,0.516742725228789,0]]},"status":"complete"},{"cell_id":"cell_de29c984b0217ea3244bbbee4bc3c69823f6a5a4735653cf8517c520bcab05ab","distance":"classic_delta","fit_id":"fit_db4010bf6883c18f5dec1de3373c6727112ef07dbb793dc18e52814eaec74c99","matrix":{"document_ids":["doc_07942de5eb364b4e2588ec3c4b3ca6e32b99273cf33247ea4bea292824409ed4","doc_76c638c16d2e572eb083b568d96d2e860a891dc3bcfef67d4b98380d71c6b8a0","doc_ae368d4dc0e42fd36b22fb26ae09cc9dd9579c63f03220a2221868477e31b4a1","doc_a699068e897a2aa88576da185c212b7371716242f47c6be92a13564b1c57e002","doc_63bebad514d3f254e4c25620a8a2f04dd066038b04c9322269a3783fdc767025"],"values":[[0,0.774596669241483,1.54919333848297,2.32379000772445,2.32379000772445],[0.774596669241483,0,0.774596669241483,1.54919333848297,2.06559111797729],[1.54919333848297,0.774596669241483,0,0.774596669241483,1.80739222823013],[2.32379000772445,1.54919333848297,0.774596669241483,0,1.54919333848297],[2.32379000772445,2.06559111797729,1.80739222823013,1.54919333848297,0]]},"status":"complete"},{"cell_id":"cell_f07e92186ca44198d0766e64d1cc880574308313de8c278b14f00ee849744c71","distance":"eders_delta","fit_id":"fit_db4010bf6883c18f5dec1de3373c6727112ef07dbb793dc18e52814eaec74c99","matrix":{"document_ids":["doc_07942de5eb364b4e2588ec3c4b3ca6e32b99273cf33247ea4bea292824409ed4","doc_76c638c16d2e572eb083b568d96d2e860a891dc3bcfef67d4b98380d71c6b8a0","doc_ae368d4dc0e42fd36b22fb26ae09cc9dd9579c63f03220a2221868477e31b4a1","doc_a699068e897a2aa88576da185c212b7371716242f47c6be92a13564b1c57e002","doc_63bebad514d3f254e4c25620a8a2f04dd066038b04c9322269a3783fdc767025"],"values":[[0,2.32379000772445,4.6475800154489,6.97137002317335,6.97137002317335],[2.32379000772445,0,2.32379000772445,4.6475800154489,6.19677335393187],[4.6475800154489,2.32379000772445,0,2.32379000772445,5.42217668469038],[6.97137002317335,4.6475800154489,2.32379000772445,0,4.6475800154489],[6.97137002317335,6.19677335393187,5.42217668469038,4.6475800154489,0]]},"status":"complete"},{"cell_id":"cell_69cf22398ddd8d0051910e333a9bbf510a4e1f550d5da878f92a6cf524d76926","distance":"cosine_delta","fit_id":"fit_db4010bf6883c18f5dec1de3373c6727112ef07dbb793dc18e52814eaec74c99","matrix":{"document_ids":["doc_07942de5eb364b4e2588ec3c4b3ca6e32b99273cf33247ea4bea292824409ed4","doc_76c638c16d2e572eb083b568d96d2e860a891dc3bcfef67d4b98380d71c6b8a0","doc_ae368d4dc0e42fd36b22fb26ae09cc9dd9579c63f03220a2221868477e31b4a1","doc_a699068e897a2aa88576da185c212b7371716242f47c6be92a13564b1c57e002","doc_63bebad514d3f254e4c25620a8a2f04dd066038b04c9322269a3783fdc767025"],"values":[[0,1.11022302462516e-16,2,2,1.33333333333333],[1.11022302462516e-16,0,2,2,1.33333333333333],[2,2,0,1.11022302462516e-16,0.666666666666667],[2,2,1.11022302462516e-16,0,0.666666666666667],[1.33333333333333,1.33333333333333,0.666666666666667,0.666666666666667,0]]},"status":"complete"}],"fits":[{"culling_percent":25,"eligible_feature_count":6,"fit_id":"fit_5d49569401498180fe5111690e7af789535aca294a51277426cbc61907033593","means":[25,25,12.5,6,3.75,1.25],"mfw":6,"selected_features":["zeta","éclair","cafe","gamma","delta","epsilon"],"standard_deviations":[12.9099444873581,12.9099444873581,6.45497224367903,4.08248290463863,4.78713553878169,2.5],"status":"complete"},{"culling_percent":50,"eligible_feature_count":5,"fit_id":"fit_8202f56dbd7f5c697b6f10f3264849c37cb924165cb949bd47e160d89b71277b","means":[25,25,12.5,6,3.75],"mfw":5,"selected_features":["zeta","éclair","cafe","gamma","delta"],"standard_deviations":[12.9099444873581,12.9099444873581,6.45497224367903,4.08248290463863,4.78713553878169],"status":"complete"},{"culling_percent":75,"eligible_feature_count":4,"fit_id":"fit_f7360b228a4758730e040902dbd5f129b3ec8f1bd29a38776e2932a63941dbb3","means":[25,25,12.5,6],"mfw":4,"selected_features":["zeta","éclair","cafe","gamma"],"standard_deviations":[12.9099444873581,12.9099444873581,6.45497224367903,4.08248290463863],"status":"complete"},{"culling_percent":100,"eligible_feature_count":3,"fit_id":"fit_db4010bf6883c18f5dec1de3373c6727112ef07dbb793dc18e52814eaec74c99","means":[25,25,12.5],"mfw":3,"selected_features":["zeta","éclair","cafe"],"standard_deviations":[12.9099444873581,12.9099444873581,6.45497224367903],"status":"complete"}],"fitting_basis":{"known_document_ids":["doc_07942de5eb364b4e2588ec3c4b3ca6e32b99273cf33247ea4bea292824409ed4","doc_76c638c16d2e572eb083b568d96d2e860a891dc3bcfef67d4b98380d71c6b8a0","doc_ae368d4dc0e42fd36b22fb26ae09cc9dd9579c63f03220a2221868477e31b4a1","doc_a699068e897a2aa88576da185c212b7371716242f47c6be92a13564b1c57e002"],"ranked_features":[{"feature":"zeta","known_document_count":4,"known_total_count":100},{"feature":"éclair","known_document_count":4,"known_total_count":100},{"feature":"cafe","known_document_count":4,"known_total_count":50},{"feature":"gamma","known_document_count":3,"known_total_count":24},{"feature":"delta","known_document_count":2,"known_total_count":15},{"feature":"epsilon","known_document_count":1,"known_total_count":5}]},"fixture_ref":"fixture_9a0425621508c147d8723829e1927d44659e1aaec82adf455216c6856290cce0","input_sha256":"2e39f923557adafb1b428c1bcb0ecf602f8194595cec2dd04c1ec09dc19b1b46","limit_profile":"stylo-worker-contract-limits-v1","oracle_version":"p006-direct-stylo-v1","outcome":"complete","request_id":"request_9a0425621508c147d8723829e1927d44659e1aaec82adf455216c6856290cce0","schema_version":"direct-stylo-oracle-v1","seed":20260713,"session":{"blas":"libblas.so.3","jsonlite_version":"2.0.0","lang":"C.UTF-8","lapack":"libopenblasp-r0.3.26.so","lc_collate":"C.UTF-8","lc_ctype":"C.UTF-8","lc_numeric":"C","operating_system":"linux-gnu","platform":"x86_64-pc-linux-gnu","r_version":"4.5.2","rng_generator":"Mersenne-Twister","rng_normal_generator":"Inversion","rng_sample_kind":"Rejection","seed":20260713,"stylo_version":"0.7.71","timezone":"UTC","unicode_normalization":"NFC"}}
